date,open,high,low,close,volume
2024-01-23,35.92,36.05,35.01,35.6,568454.0
2024-01-24,35.63,35.95,33.99,35.58,669535.0
2024-01-25,35.47,37.48,35.21,37.1,631211.0
2024-01-26,36.96,37.48,35.82,35.99,564235.0
2024-01-29,36.88,37.3,35.2,35.23,617069.0
2024-01-30,34.82,35.25,33.72,33.91,542848.0
2024-01-31,33.4,33.78,30.88,30.9,790041.0
2024-02-01,31.37,31.51,30.29,30.78,748664.0
2024-02-02,30.6,31.34,27.27,28.22,1216730.0
2024-02-05,28.0,28.17,22.58,23.88,1811535.0
2024-02-06,23.25,24.85,21.6,24.14,1493127.0
2024-02-07,23.99,24.27,22.01,22.36,1675329.0
2024-02-08,22.63,25.0,22.01,24.9,1576522.0
2024-02-19,24.76,25.79,24.71,25.69,2302797.0
2024-02-20,25.45,26.25,25.01,26.16,1549423.0
2024-02-21,25.88,28.2,25.54,26.82,2038131.0
2024-02-22,26.82,27.88,26.82,27.71,1602640.0
2024-02-23,27.94,28.98,27.51,28.74,1890938.0
2024-02-26,28.58,30.8,28.33,29.6,2024455.0
2024-02-27,29.53,31.5,29.35,31.5,1785668.0
2024-02-28,31.33,32.26,27.58,27.78,2533620.0
2024-02-29,27.66,30.0,27.21,29.48,1988425.0
2024-03-01,29.4,30.6,29.4,30.36,1591904.0
2024-03-04,30.4,31.19,29.48,30.38,1190760.0
2024-03-05,30.0,30.31,28.9,29.1,1344617.0
2024-03-06,29.49,29.92,28.71,29.55,926091.0
2024-03-07,29.6,30.45,29.05,29.2,1080871.0
2024-03-08,29.22,29.89,28.69,29.69,838676.0
2024-03-11,29.43,29.78,29.0,29.74,1086567.0
2024-03-12,29.9,30.79,29.85,30.58,1287264.0
2024-03-13,30.99,31.5,30.39,30.8,1275296.0
2024-03-14,30.88,30.93,29.2,29.8,1097045.0
2024-03-15,29.83,31.2,29.52,31.18,1154112.0
2024-03-18,31.15,32.08,31.0,31.97,1341342.0
2024-03-19,31.85,32.59,31.81,32.11,1041079.0
2024-03-20,31.8,33.5,31.53,32.97,1365843.0
2024-03-21,32.84,33.49,31.88,32.2,1226111.0
2024-03-22,32.2,32.9,31.49,31.6,1164497.0
2024-03-25,31.52,31.6,29.9,30.09,1167642.0
2024-03-26,30.09,30.7,29.11,29.66,922195.0
2024-03-27,29.45,30.38,27.8,28.01,899940.0
2024-03-28,28.08,29.26,27.81,28.7,839174.0
2024-03-29,28.69,29.0,28.12,28.79,730728.0
2024-04-01,29.18,29.63,28.85,29.54,756893.0
2024-04-02,29.5,29.6,28.74,29.09,710429.0
2024-04-03,29.0,29.08,28.09,28.7,760521.0
2024-04-08,28.48,28.99,26.18,26.29,1157381.0
2024-04-09,26.3,26.96,26.17,26.88,1252346.0
2024-04-10,26.88,26.88,24.94,25.27,1350029.0
2024-04-11,25.27,26.1,24.81,25.08,1099559.0
2024-04-12,25.0,25.54,24.43,24.59,1098719.0
2024-04-15,24.2,24.76,22.5,23.13,1360365.0
2024-04-16,23.14,23.18,20.5,20.68,1674500.0
2024-04-17,20.97,22.4,20.97,22.33,1449342.0
2024-04-18,22.32,22.63,21.52,22.07,970465.0
2024-04-19,21.78,22.26,21.42,21.58,713071.0
2024-04-22,21.6,21.93,20.55,21.62,947572.0
2024-04-23,22.0,22.88,21.72,22.79,1479463.0
2024-04-24,22.79,23.39,22.46,23.39,985500.0
2024-04-25,23.74,23.74,23.09,23.19,724741.0
2024-04-26,23.19,23.6,22.84,23.5,914514.0
2024-04-29,23.85,24.43,23.5,24.4,869636.0
2024-04-30,23.91,23.98,22.69,23.1,1300930.0
2024-05-06,23.33,23.86,23.3,23.52,804031.0
2024-05-07,23.76,24.33,23.28,24.26,1012157.0
2024-05-08,24.53,24.53,23.37,23.53,876141.0
2024-05-09,23.53,24.28,23.53,24.13,690361.0
2024-05-10,24.18,24.38,23.11,23.11,872958.0
2024-05-13,23.0,23.0,21.7,21.85,962025.0
2024-05-14,21.97,22.44,21.88,22.07,498812.0
2024-05-15,22.05,22.9,21.69,21.87,759740.0
2024-05-16,22.19,22.74,21.87,22.11,689554.0
2024-05-17,22.24,22.78,22.0,22.7,636816.0
2024-05-20,22.78,23.07,22.04,22.39,872687.0
2024-05-21,22.32,22.53,22.01,22.08,464217.0
2024-05-22,22.3,22.9,22.08,22.89,978029.0
2024-05-23,22.9,23.59,22.56,23.29,1243686.0
2024-05-24,23.49,23.53,22.11,22.22,1046692.0
2024-05-27,22.22,23.18,21.55,22.95,1128967.0
2024-05-28,22.98,24.48,22.6,23.22,1645307.0
2024-05-29,22.99,23.94,22.91,23.3,1286059.0
2024-05-30,23.04,26.88,22.51,25.55,3870849.0
2024-05-31,25.2,25.6,24.8,25.2,2638526.0
2024-06-03,25.23,25.49,24.06,24.59,1843015.0
2024-06-04,24.72,24.72,22.7,23.19,1739906.0
2024-06-05,23.09,24.71,22.58,23.26,1712760.0
2024-06-06,23.7,25.0,22.11,22.73,1833327.0
2024-06-07,22.5,23.22,21.68,21.88,1758077.0
2024-06-11,22.06,23.2,21.0,23.09,1630356.0
2024-06-12,23.13,23.34,22.8,23.11,1008263.0
2024-06-13,23.2,27.73,23.03,27.73,3782689.0
2024-06-14,31.27,33.28,30.0,33.28,10267818.0
2024-06-17,31.97,37.0,30.9,34.56,9730348.0
2024-06-18,35.98,41.47,35.98,41.47,10878197.0
2024-06-19,39.39,44.8,37.37,42.75,10691589.0
2024-06-20,42.0,51.3,42.0,51.3,7923193.0
2024-06-21,53.38,53.61,46.68,48.77,10487659.0
2024-06-24,48.3,48.49,41.2,41.42,9244070.0
2024-06-25,41.55,42.3,39.33,40.13,5814953.0
2024-06-26,39.62,40.44,38.17,40.2,5489536.0
2024-06-27,38.8,39.2,36.96,37.5,5768943.0
2024-06-28,37.0,37.8,35.83,35.92,4546361.0
2024-07-01,35.33,36.01,34.2,36.01,3906838.0
2024-07-02,35.77,36.58,34.68,35.16,3685083.0
2024-07-03,35.39,36.46,33.41,35.11,5237319.0
2024-07-04,34.55,34.55,31.73,31.73,4220538.0
2024-07-05,31.72,32.19,30.54,31.18,3284054.0
2024-07-08,31.33,32.5,30.7,30.7,3341161.0
2024-07-09,30.06,32.42,29.78,32.17,4164519.0
2024-07-10,32.25,32.41,30.91,31.34,3200813.0
2024-07-11,32.17,32.33,31.12,32.2,3229221.0
2024-07-12,31.81,31.98,31.06,31.26,2162615.0
2024-07-15,31.8,32.29,30.82,30.82,2117479.0
2024-07-16,30.54,31.37,29.88,31.29,2288459.0
2024-07-17,31.15,31.35,29.28,29.31,2684609.0
2024-07-18,29.0,29.68,27.83,29.3,2786642.0
2024-07-19,29.1,35.16,28.9,35.16,6289906.0
2024-07-22,36.57,38.48,34.81,34.81,9625509.0
2024-07-23,34.68,35.36,32.5,32.62,6011586.0
2024-07-24,33.29,35.62,33.22,33.5,6302234.0
2024-07-25,32.02,32.79,30.45,31.11,4809175.0
2024-07-26,31.3,32.0,29.99,30.72,3714042.0
2024-07-29,30.28,32.03,30.28,31.24,3220089.0
2024-07-30,30.9,33.35,29.08,33.33,4944522.0
2024-07-31,32.61,36.77,32.5,34.21,6516197.0
2024-08-01,34.42,37.08,34.25,35.61,5603145.0
2024-08-02,34.08,35.26,33.1,33.3,4260990.0
2024-08-05,33.3,33.3,30.8,31.13,3271738.0
2024-08-06,31.87,31.99,30.3,30.81,2260917.0
2024-08-07,30.88,31.79,30.39,30.82,2266506.0
2024-08-08,30.33,31.88,29.0,31.09,3584491.0
2024-08-09,32.5,33.0,30.57,30.57,3320642.0
2024-08-12,29.55,30.45,28.5,28.79,2610873.0
2024-08-13,28.88,29.5,27.77,28.32,2175000.0
2024-08-14,28.45,29.1,28.11,28.24,1723689.0
2024-08-15,27.8,28.57,27.01,27.33,2500726.0
2024-08-16,27.35,28.2,26.6,26.66,2248375.0
2024-08-19,26.97,26.97,25.42,25.87,3170485.0
2024-08-20,25.96,26.1,25.15,25.33,1604626.0
2024-08-21,25.25,25.68,24.9,25.26,1147721.0
2024-08-22,25.13,25.64,24.88,24.99,1422564.0
2024-08-23,24.99,25.35,24.2,24.76,1552607.0
2024-08-26,24.9,25.17,24.5,24.7,1114336.0
2024-08-27,24.41,24.66,23.98,24.01,1161237.0
2024-08-28,23.98,24.35,23.7,23.9,1058891.0
2024-08-29,23.6,24.48,23.6,24.33,1263391.0
2024-08-30,24.35,25.3,24.3,24.78,2234081.0
2024-09-02,24.5,25.06,24.18,24.2,1637694.0
2024-09-03,24.04,24.77,24.04,24.33,1199651.0
2024-09-04,24.18,25.11,23.86,24.75,1703875.0
2024-09-05,24.7,25.15,24.41,24.76,1371265.0
2024-09-06,24.99,24.99,23.7,23.71,1474824.0
2024-09-09,23.68,24.39,23.5,24.34,1408194.0
2024-09-10,24.34,24.38,23.67,24.15,1379802.0
2024-09-11,24.1,24.2,23.72,23.82,809394.0
2024-09-12,23.95,24.14,23.11,23.25,1092950.0
2024-09-13,23.1,23.58,22.82,22.88,993571.0
2024-09-18,23.35,23.48,22.1,22.45,889425.0
2024-09-19,22.46,23.18,22.41,22.89,1171142.0
2024-09-20,22.95,23.02,22.41,22.49,871717.0
2024-09-23,22.48,22.76,22.1,22.45,752467.0
2024-09-24,22.57,23.3,22.2,23.16,1695539.0
2024-09-25,23.37,23.97,23.17,23.32,2775133.0
2024-09-26,23.32,24.24,23.32,24.18,2147146.0
2024-09-27,24.5,28.2,24.5,26.85,4366705.0
2024-09-30,28.11,32.22,28.11,32.2,6264606.0
2024-10-08,38.64,38.64,35.77,38.64,7111775.0
2024-10-09,36.0,38.96,31.7,32.15,6841511.0
2024-10-10,33.52,33.53,29.46,30.58,4516191.0
2024-10-11,30.66,30.75,28.08,28.39,3485606.0
2024-10-14,28.5,29.86,27.6,29.86,3214213.0
2024-10-15,29.7,31.03,28.9,28.9,3605684.0
2024-10-16,28.0,28.79,27.7,28.02,2420065.0
2024-10-17,28.35,29.12,28.14,28.43,2565220.0
2024-10-18,28.86,34.12,28.28,34.12,8369190.0
2024-10-21,36.0,40.11,34.56,36.17,11990343.0
2024-10-22,35.88,38.75,34.43,36.96,8321796.0
2024-10-23,35.02,40.07,35.02,37.9,8046005.0
2024-10-24,36.85,45.48,36.85,45.48,10487589.0
2024-10-25,44.34,45.47,41.75,43.82,10517614.0
2024-10-28,43.0,43.0,39.5,41.58,6323976.0
2024-10-29,40.5,44.44,39.51,40.65,6289206.0
2024-10-30,39.01,40.6,38.5,39.72,4432501.0
2024-10-31,40.07,43.0,38.72,41.5,6187129.0
2024-11-01,40.5,42.96,36.02,36.45,4884321.0
2024-11-04,36.43,37.88,35.6,37.46,2618103.0
2024-11-05,37.46,39.7,37.11,39.02,3652391.0
2024-11-06,38.84,39.98,38.11,38.45,4079106.0
2024-11-07,38.0,39.41,37.81,39.38,2768406.0
2024-11-08,39.97,44.9,39.95,41.1,5213670.0
2024-11-11,40.0,45.0,40.0,43.43,5849294.0
2024-11-12,43.03,43.55,41.01,41.38,3860588.0
2024-11-13,40.22,41.27,39.6,41.03,2305970.0
2024-11-14,40.34,42.0,40.01,40.16,2146461.0
2024-11-15,40.15,40.48,37.06,37.08,2537306.0
2024-11-18,36.13,37.65,34.6,36.3,2058765.0
2024-11-19,37.8,37.99,36.06,37.73,1862320.0
2024-11-20,37.54,38.88,37.28,38.06,1749007.0
2024-11-21,37.54,38.6,37.0,37.82,1743762.0
2024-11-22,37.7,38.38,35.27,35.27,1752706.0
2024-11-25,36.39,36.39,34.5,36.07,1591109.0
2024-11-26,36.2,36.59,34.99,34.99,947524.0
2024-11-27,35.07,36.1,33.5,36.09,1387967.0
2024-11-28,36.09,37.84,35.66,36.18,1534309.0
2024-11-29,35.8,37.82,35.22,36.89,1711197.0
2024-12-02,36.9,37.39,35.89,36.64,2199861.0
2024-12-03,36.82,36.99,35.43,35.71,1640612.0
2024-12-04,36.66,38.29,35.11,35.55,2627010.0
2024-12-05,34.98,36.2,34.95,35.7,1371071.0
2024-12-06,35.09,36.6,34.58,36.15,1846897.0
2024-12-09,36.48,36.51,35.02,35.56,1268884.0
2024-12-10,36.9,37.15,35.56,35.6,1841126.0
2024-12-11,35.61,37.37,35.4,36.7,2312133.0
2024-12-12,36.7,37.11,35.95,36.62,1500320.0
2024-12-13,36.62,36.79,35.72,35.81,1488823.0
2024-12-16,35.82,36.47,34.9,35.39,1082736.0
2024-12-17,36.07,36.75,34.19,34.49,1787367.0
2024-12-18,35.0,35.54,32.51,35.08,1757828.0
2024-12-19,34.41,35.3,34.01,34.47,1153935.0
2024-12-20,34.55,41.36,34.47,41.36,6017320.0
2024-12-23,42.88,42.88,38.12,38.6,7725875.0
2024-12-24,39.63,39.64,36.71,39.37,5052658.0
2024-12-25,39.17,40.5,37.7,38.0,4156085.0
2024-12-26,38.1,41.0,37.0,40.45,5490371.0
2024-12-27,39.99,41.2,38.5,38.72,4091957.0
2024-12-30,38.87,39.88,37.18,39.5,3451110.0
2024-12-31,39.01,39.3,35.05,35.14,3564349.0
2025-01-02,35.14,35.2,32.88,33.49,2615050.0
2025-01-03,33.5,33.8,30.33,30.47,2663655.0
2025-01-06,30.3,30.89,28.67,29.18,1999817.0
2025-01-07,29.35,31.57,29.19,31.37,2776033.0
2025-01-08,30.8,32.11,29.92,31.51,2794668.0
2025-01-09,31.88,32.15,31.06,31.59,1999719.0
2025-01-10,31.58,33.05,30.35,30.39,2554709.0
2025-01-13,30.35,30.65,28.99,30.33,1798738.0
2025-01-14,30.84,32.57,30.43,32.57,2270361.0
2025-01-15,32.23,32.97,32.0,32.43,1907672.0
2025-01-16,32.44,33.26,31.7,32.44,2053068.0
2025-01-17,31.98,33.5,31.79,32.68,2487008.0
2025-01-20,32.7,33.19,32.0,32.45,1665845.0
2025-01-21,32.66,33.0,31.9,32.5,1509904.0
2025-01-22,32.37,32.39,31.28,31.45,1598518.0
2025-01-23,31.8,32.66,31.36,31.36,1785468.0
2025-01-24,31.6,31.89,31.08,31.86,1582791.0
2025-01-27,31.79,32.05,30.35,30.35,1778061.0
2025-02-05,31.0,32.08,31.0,31.6,1667840.0
2025-02-06,31.58,33.31,31.4,33.18,2015512.0
2025-02-07,33.2,34.0,32.45,32.9,2497927.0
2025-02-10,33.18,33.99,32.6,33.95,2164812.0
2025-02-11,33.98,33.98,32.87,32.96,1648907.0
2025-02-12,32.89,35.03,32.6,34.75,3397288.0
2025-02-13,34.76,34.99,33.7,33.75,2276991.0
2025-02-14,33.56,33.75,32.88,33.35,1604514.0
2025-02-17,33.16,33.88,33.1,33.58,1746768.0
2025-02-18,33.71,33.83,31.9,32.15,1767743.0
2025-02-19,32.15,34.0,32.15,33.9,2314620.0
2025-02-20,33.71,34.32,33.2,33.64,1523183.0
2025-02-21,34.13,35.5,33.12,35.22,3145464.0
2025-02-24,35.2,35.47,34.35,35.0,2257343.0
2025-02-25,33.98,35.28,33.9,34.87,1828815.0
2025-02-26,35.06,35.62,34.29,35.62,2510857.0
2025-02-27,35.68,37.1,34.41,35.33,3492975.0
2025-02-28,34.45,34.76,32.25,32.45,3297416.0
2025-03-03,32.45,33.26,31.41,32.02,1919347.0
2025-03-04,31.88,33.77,31.66,33.36,2215606.0
2025-03-05,33.69,34.23,32.64,33.24,1655612.0
2025-03-06,33.4,34.22,33.4,33.72,1505317.0
2025-03-07,33.72,33.92,32.29,32.62,1836067.0
2025-03-10,32.55,32.99,32.16,32.88,1329422.0
2025-03-11,32.15,37.5,32.14,36.9,5643157.0
2025-03-12,37.1,41.98,37.1,39.7,9246725.0
2025-03-13,39.78,41.19,38.51,38.84,4900974.0
2025-03-14,39.16,40.42,37.54,38.3,3704272.0
2025-03-17,38.35,40.5,37.1,39.68,4402737.0
2025-03-18,39.3,40.72,38.2,38.4,2967111.0
2025-03-19,38.2,38.85,37.2,37.5,1713558.0
2025-03-20,37.46,37.93,35.88,35.91,2038855.0
2025-03-21,35.62,36.02,34.63,35.03,1763684.0
2025-03-24,34.96,35.07,32.33,33.29,2065594.0
2025-03-25,33.43,37.71,32.86,35.95,3924191.0
2025-03-26,36.9,36.9,34.8,35.59,2266390.0
2025-03-27,35.72,37.14,34.24,34.38,2425269.0
2025-03-28,34.38,35.2,33.23,34.1,1903089.0
2025-03-31,33.96,33.96,32.7,33.28,1268471.0
2025-04-01,33.7,34.4,33.41,33.86,1509878.0
2025-04-02,33.86,34.09,33.2,33.3,1193950.0
2025-04-03,32.75,34.55,32.7,33.09,1716896.0
2025-04-07,31.0,31.0,26.47,26.47,2900838.0
2025-04-08,26.88,27.98,26.5,27.69,1987885.0
2025-04-09,27.0,29.51,25.67,28.84,2838031.0
2025-04-10,29.12,30.97,29.12,29.97,2537245.0
2025-04-11,30.08,35.92,29.8,33.35,4209847.0
2025-04-14,34.77,34.77,32.23,32.65,2691528.0
2025-04-15,33.19,33.19,31.67,32.06,1569689.0
2025-04-16,32.66,32.74,31.32,31.88,1855256.0
2025-04-17,31.8,33.49,31.32,32.23,1923440.0
2025-04-18,32.88,32.88,30.76,31.07,1493815.0
2025-04-21,31.0,31.41,30.31,30.56,2330427.0
2025-04-22,30.3,30.77,30.13,30.45,1862654.0
2025-04-23,30.63,30.63,29.91,30.2,1485036.0
2025-04-24,30.02,30.32,29.2,29.46,2004870.0
2025-04-25,29.72,30.19,29.01,29.63,1284880.0
2025-04-28,29.75,29.75,28.7,28.92,1010868.0
2025-04-29,29.0,29.66,28.5,29.48,1289987.0
2025-04-30,29.7,31.33,29.67,30.13,2234623.0
2025-05-06,30.5,31.28,30.41,31.18,1557076.0
2025-05-07,31.37,31.98,30.7,31.1,1588693.0
2025-05-08,31.09,31.79,30.99,31.73,1341579.0
2025-05-09,31.57,31.65,30.41,30.7,1589929.0
2025-05-12,31.0,31.79,30.73,31.34,1776388.0
2025-05-13,31.59,32.49,31.1,31.38,1862372.0
2025-05-14,31.2,31.7,30.67,31.18,1626209.0
2025-05-15,31.33,31.33,30.41,30.75,1213044.0
2025-05-16,30.53,31.29,30.53,30.84,812927.0
2025-05-19,30.85,31.25,30.43,30.8,1037553.0
2025-05-20,30.99,31.68,30.66,31.56,1565496.0
2025-05-21,31.55,32.78,31.11,32.21,2324310.0
2025-05-22,32.2,33.17,31.25,31.4,2415421.0
2025-05-23,31.48,31.48,30.2,30.32,1556836.0
2025-05-26,30.5,31.02,30.29,30.8,1106108.0
2025-05-27,30.83,30.83,30.14,30.7,1126413.0
2025-05-28,30.6,30.89,30.0,30.25,1086175.0
2025-05-29,30.11,31.25,30.02,31.2,1513356.0
2025-05-30,31.02,31.05,30.1,30.18,1475062.0
2025-06-03,30.1,30.78,30.01,30.27,897000.0
2025-06-04,30.2,30.66,30.2,30.37,873303.0
2025-06-05,30.37,31.09,29.73,30.96,1534366.0
2025-06-06,30.5,30.89,30.13,30.64,1405908.0
2025-06-09,30.91,31.49,30.63,31.45,1627939.0
2025-06-10,31.45,31.45,30.1,30.48,1473425.0
2025-06-11,30.5,30.98,30.48,30.54,746915.0
2025-06-12,30.35,31.13,30.23,30.62,985032.0
2025-06-13,30.44,30.8,29.8,30.01,1061078.0
2025-06-16,29.95,30.46,29.51,30.37,850676.0
2025-06-17,30.37,30.94,30.22,30.48,1119239.0
2025-06-18,30.57,31.1,30.16,31.05,1453131.0
2025-06-19,31.0,31.47,30.31,30.71,1523381.0
2025-06-20,30.79,31.48,30.25,30.36,1306603.0
2025-06-23,30.0,31.1,30.0,31.03,1360666.0
2025-06-24,31.45,32.29,31.15,31.9,2151042.0
2025-06-25,31.9,32.9,31.7,32.81,2729344.0
2025-06-26,33.0,33.0,32.19,32.21,1793233.0
2025-06-27,32.07,33.8,32.07,32.66,2418261.0
2025-06-30,32.72,33.59,32.72,33.01,2032679.0
2025-07-01,32.8,39.61,32.8,39.61,6821622.0
2025-07-02,38.0,38.37,35.68,36.0,8866139.0
2025-07-03,36.0,36.37,35.4,36.15,3777235.0
2025-07-04,36.36,36.85,34.77,35.05,4254822.0
2025-07-07,35.1,35.76,34.7,35.3,2611386.0
2025-07-08,35.2,35.8,34.91,35.78,2789256.0
2025-07-09,35.59,35.88,35.0,35.24,2481834.0
2025-07-10,35.08,35.3,34.4,34.62,2036179.0
2025-07-11,34.81,36.1,34.41,35.66,3224678.0
2025-07-14,35.38,35.99,35.28,35.55,1666072.0
2025-07-15,35.63,35.97,34.87,35.69,1983082.0
2025-07-16,35.81,36.58,35.58,36.17,2453786.0
2025-07-17,36.12,36.17,35.42,35.83,1973786.0
2025-07-18,35.56,35.97,35.44,35.55,1383343.0
2025-07-21,35.6,35.78,35.11,35.65,1595713.0
2025-07-22,35.6,36.58,35.4,35.68,2520013.0
2025-07-23,35.58,35.85,35.02,35.1,1796544.0
2025-07-24,35.18,36.08,35.05,35.82,2212650.0
2025-07-25,35.92,36.84,35.55,36.8,2974307.0
2025-07-28,37.27,37.28,36.38,36.53,2756717.0
2025-07-29,36.51,37.48,36.32,37.06,2924805.0
2025-07-30,36.96,36.99,35.88,36.31,2376542.0
2025-07-31,36.2,36.98,35.54,35.63,2205698.0
2025-08-01,35.55,36.26,35.35,35.87,1602508.0
2025-08-04,35.87,36.89,35.45,36.81,2166800.0
2025-08-05,36.85,37.73,36.5,37.0,2162929.0
2025-08-06,37.64,38.29,36.68,38.15,3490179.0
2025-08-07,38.14,41.4,37.75,39.14,5919102.0
2025-08-08,38.14,39.0,37.85,38.11,3058893.0
2025-08-11,38.11,39.0,37.68,38.5,2549103.0
2025-08-12,38.25,39.74,37.91,39.32,3687477.0
2025-08-13,39.32,40.25,38.69,38.95,3281182.0
2025-08-14,38.56,39.5,37.48,37.48,3134919.0
2025-08-15,37.02,38.5,37.02,38.26,2315167.0
2025-08-18,38.25,39.0,38.05,38.2,3649916.0
2025-08-19,38.65,38.65,37.58,38.1,2475446.0
2025-08-20,37.9,39.6,37.26,39.3,4090285.0
2025-08-21,40.3,41.86,39.09,39.45,5463846.0
2025-08-22,39.3,41.3,39.3,40.33,4976470.0
2025-08-25,40.7,41.33,39.12,39.84,4337897.0
2025-08-26,39.4,41.2,38.82,39.87,3608725.0
2025-08-27,39.87,41.55,38.51,38.55,4869632.0
2025-08-28,38.17,40.04,37.64,39.5,3821679.0
2025-08-29,39.09,39.2,37.8,38.24,3307487.0
2025-09-01,38.0,39.09,37.28,38.23,3363549.0
2025-09-02,38.2,38.2,35.8,35.99,3204059.0
2025-09-03,36.15,36.65,35.03,35.2,1999709.0
2025-09-04,35.26,35.8,34.31,34.7,2065865.0
2025-09-05,34.7,36.4,34.5,35.72,2053419.0
2025-09-08,35.52,36.09,35.2,35.9,1575881.0
2025-09-09,35.78,36.18,34.7,34.94,1589861.0
2025-09-10,35.01,35.52,34.85,34.95,931203.0
2025-09-11,34.68,36.05,34.35,36.04,1779661.0
2025-09-12,36.06,36.85,35.73,36.29,1876010.0
2025-09-15,38.1,38.49,36.6,36.69,2178225.0
2025-09-16,36.77,37.59,35.85,37.39,1971733.0
2025-09-17,37.1,37.85,36.83,37.52,1579875.0
2025-09-18,37.52,38.19,36.18,36.57,2625752.0
2025-09-19,36.75,37.5,36.21,36.39,1611133.0
2025-09-22,36.56,36.76,36.0,36.4,1331113.0
2025-09-23,36.55,37.6,34.58,37.05,2941455.0
2025-09-24,36.86,39.28,36.2,38.78,4361603.0
2025-09-25,38.68,38.86,37.75,38.15,2828099.0
2025-09-26,37.7,40.8,37.6,38.7,4226739.0
2025-09-29,39.1,39.53,38.53,38.89,2380762.0
2025-09-30,39.19,39.94,38.81,39.2,2315874.0
2025-10-09,39.3,40.19,39.28,39.83,3128513.0
2025-10-10,39.68,39.68,37.8,38.39,2611702.0
2025-10-13,38.0,40.78,36.7,40.44,4500094.0
2025-10-14,40.21,43.2,40.21,40.51,5000695.0
2025-10-15,40.66,43.16,40.51,42.67,4792540.0
2025-10-16,41.86,42.94,41.3,41.59,2840051.0
2025-10-17,41.5,45.0,41.34,41.66,3901069.0
2025-10-20,43.28,43.52,41.55,41.89,2554567.0
2025-10-21,41.87,44.8,41.5,43.45,4066534.0
2025-10-22,42.98,42.98,41.55,41.75,2578578.0
2025-10-23,41.01,43.94,41.01,42.37,3403547.0
2025-10-24,42.6,45.21,42.01,44.67,4507026.0
2025-10-27,44.01,44.82,42.62,43.2,4458120.0
2025-10-28,42.8,42.97,41.64,42.0,2818869.0
2025-10-29,42.42,42.42,39.93,40.41,3263554.0
2025-10-30,40.16,41.66,39.8,40.47,2344420.0
2025-10-31,40.12,41.3,40.12,40.63,1533427.0
2025-11-03,40.5,41.78,40.0,41.21,1725988.0
2025-11-04,41.02,41.63,39.8,40.5,1461985.0
2025-11-05,40.5,40.7,39.61,40.08,1236961.0
2025-11-06,40.2,41.39,39.59,40.49,1623541.0
2025-11-07,40.51,40.51,39.61,39.94,1182227.0
2025-11-10,40.5,42.28,39.9,41.85,1862154.0
2025-11-11,41.89,42.41,40.09,40.4,1736031.0
2025-11-12,40.3,41.0,39.25,39.99,1340527.0
2025-11-13,40.48,40.48,39.43,39.55,1380063.0
2025-11-14,39.6,39.68,38.93,38.93,1125892.0
2025-11-17,38.77,39.65,38.6,38.9,841463.0
2025-11-18,39.38,39.8,38.6,39.65,1120237.0
2025-11-19,39.65,39.65,37.84,38.1,1351823.0
2025-11-20,38.38,38.76,37.53,37.68,867325.0
2025-11-21,37.34,37.88,35.5,35.5,1282796.0
2025-11-24,36.0,36.76,35.57,36.58,714355.0
2025-11-25,36.82,37.7,36.57,37.13,704400.0
2025-11-26,37.12,38.48,36.96,37.22,912345.0
2025-11-27,36.93,38.1,36.93,37.53,562218.0
2025-11-28,37.36,38.55,37.04,38.49,976455.0
2025-12-01,39.25,43.36,38.29,40.23,1858675.0
2025-12-02,39.88,41.08,39.88,40.26,1563811.0
2025-12-03,40.26,40.97,39.35,39.52,986875.0
2025-12-04,39.77,39.77,38.51,38.66,889422.0
2025-12-05,38.56,39.09,37.83,38.77,892841.0
2025-12-08,38.75,40.08,38.55,39.7,996080.0
2025-12-09,39.72,39.99,39.11,39.14,649759.0
2025-12-10,38.91,39.5,38.28,38.95,754832.0
2025-12-11,38.95,38.95,37.69,37.95,727558.0
2025-12-12,37.86,38.27,37.14,37.7,643330.0
2025-12-15,37.5,37.94,37.13,37.61,678076.0
2025-12-16,37.27,37.87,36.45,37.03,956154.0
2025-12-17,37.01,37.48,35.6,36.8,928136.0
2025-12-18,36.6,37.75,36.58,37.36,654393.0
2025-12-19,37.54,38.0,37.2,37.28,520674.0
2025-12-22,37.26,38.16,37.02,37.7,622030.0
2025-12-23,37.32,37.87,36.51,36.66,720471.0
2025-12-24,36.98,37.7,36.71,37.35,622363.0
2025-12-25,37.24,37.87,37.01,37.85,865170.0
2025-12-26,37.66,38.01,37.14,37.41,725286.0
2025-12-29,37.41,37.7,36.78,36.94,952971.0
2025-12-30,36.71,37.32,36.3,36.44,787631.0
2025-12-31,36.5,37.56,35.9,37.44,1025410.0
2026-01-05,37.69,38.41,37.21,38.18,1256693.0
2026-01-06,38.41,38.7,37.73,38.15,1140591.0
2026-01-07,38.32,38.98,38.2,38.56,1219389.0
2026-01-08,38.56,39.12,38.3,38.88,1172050.0
2026-01-09,38.88,39.28,38.4,39.2,1244059.0
2026-01-12,39.44,40.29,39.11,40.05,1357028.0
2026-01-13,40.26,40.48,39.1,39.33,1348531.0
2026-01-14,39.33,42.68,39.2,41.01,3234174.0
2026-01-15,41.04,41.05,39.53,40.44,1753412.0
2026-01-16,40.46,41.66,39.82,41.31,1870737.0
2026-01-19,41.63,41.64,40.51,41.03,1268754.0
2026-01-20,41.03,41.89,40.7,41.29,1633839.0
2026-01-21,40.47,42.3,40.45,42.1,1473728.0
2026-01-22,42.3,42.94,41.72,42.1,1689990.0
2026-01-23,42.4,42.41,41.8,42.28,1352341.0
2026-01-26,42.2,42.26,40.41,41.03,1583990.0
2026-01-27,40.58,42.15,39.03,41.94,2278993.0
2026-01-28,42.16,43.1,41.37,41.96,2128695.0
2026-01-29,41.96,42.6,40.68,41.0,1593633.0
2026-01-30,40.45,41.97,40.26,41.86,1473787.0
2026-02-02,42.1,42.1,39.3,39.38,1577480.0
2026-02-03,39.8,41.12,39.5,40.6,1646724.0
2026-02-04,41.29,41.29,39.24,39.75,1606702.0
2026-02-05,40.4,40.4,39.01,39.68,1313329.0
2026-02-06,39.49,40.2,39.1,39.51,1001485.0
2026-02-09,39.88,40.88,39.68,40.57,1445326.0
2026-02-10,40.77,40.77,39.8,39.96,925820.0
2026-02-11,40.19,40.48,39.71,40.06,864077.0
2026-02-12,40.26,41.18,39.82,40.9,1227102.0
2026-02-13,40.61,41.65,40.61,41.02,1070254.0
2026-02-24,41.5,42.0,40.8,41.68,1349998.0
2026-02-25,41.05,42.03,40.92,41.62,1198638.0
2026-02-26,41.63,43.0,41.28,42.5,1781108.0
2026-02-27,42.29,42.54,41.51,42.54,1198565.0
2026-03-02,41.85,42.5,40.81,41.15,1674771.0
2026-03-03,41.15,41.65,38.7,38.83,1988825.0
2026-03-04,38.51,39.2,37.77,37.83,1218667.0
2026-03-05,39.25,40.5,39.25,39.68,1530208.0
2026-03-06,40.08,43.49,39.39,42.61,2523697.0
2026-03-09,41.74,43.38,41.42,42.76,2227503.0
2026-03-10,43.1,50.72,43.1,47.06,5611491.0
2026-03-11,46.58,48.19,45.82,46.1,4630122.0
2026-03-12,46.3,48.56,44.9,48.17,4871495.0
2026-03-13,48.17,48.2,45.75,45.75,2852569.0
2026-03-16,48.17,48.2,45.75,45.75,0.0
2026-03-30,54.9,54.9,50.81,54.9,7231770.0
2026-03-31,53.4,56.89,49.22,49.7,9022516.0
2026-04-01,51.45,53.33,49.78,52.26,6404884.0
2026-04-02,54.8,60.98,54.0,56.21,7999066.0
2026-04-03,57.22,57.31,53.35,56.41,5719342.0
2026-04-07,55.88,59.22,54.68,55.77,4330222.0
2026-04-08,57.0,66.92,56.0,66.92,8238497.0
2026-04-09,65.11,79.56,64.73,78.5,10252895.0
2026-04-10,80.07,84.73,76.06,81.11,9308982.0
2026-04-13,79.8,87.31,79.8,84.63,8194202.0
2026-04-14,86.75,99.73,86.32,95.6,9575719.0
2026-04-15,95.73,97.0,90.0,91.51,6683454.0
2026-04-16,93.0,95.54,90.11,93.98,4596700.0
2026-04-17,93.99,105.0,93.99,101.86,7516169.0
2026-04-20,98.81,100.85,89.7,91.19,9985095.0
2026-04-21,91.0,91.0,86.46,88.96,5356677.0
2026-04-22,90.32,90.6,86.81,88.46,4915891.0
2026-04-23,88.47,89.02,81.21,82.3,5905944.0
2026-04-24,83.11,87.68,80.68,83.47,7584641.0
2026-04-27,83.66,96.64,83.66,95.99,10762322.0
2026-04-28,97.71,98.33,91.0,92.2,5691074.0
2026-04-29,90.0,91.52,86.05,89.28,4819219.0
2026-04-30,90.9,97.0,87.16,96.0,9069103.0
2026-05-06,98.79,103.5,91.0,91.9,10228054.0
2026-05-07,91.76,97.89,89.2,95.4,6715719.0
2026-05-08,94.91,112.0,93.0,107.46,9355429.0
2026-05-11,111.72,126.5,106.0,123.53,8823996.0
2026-05-12,123.99,139.98,123.99,137.5,8727805.0
2026-05-13,135.0,145.67,128.0,139.4,8558516.0
2026-05-14,141.98,148.5,138.0,140.0,6900760.0
2026-05-15,135.91,141.13,128.5,136.04,8357053.0
2026-05-18,133.0,134.99,127.94,130.0,5372668.0
2026-05-19,132.0,133.2,122.55,126.96,3881861.0
2026-05-20,128.0,133.49,123.12,126.74,4624791.0
2026-05-21,129.74,130.57,116.0,116.0,5473313.0
2026-05-22,117.1,121.73,115.49,119.99,3391786.0
2026-05-25,120.05,131.0,116.54,123.83,5831899.0
2026-05-26,122.01,123.14,99.06,110.0,6001723.0
2026-05-27,113.2,113.2,105.57,106.24,4113962.0
2026-05-28,106.82,112.96,104.01,112.32,3141291.0
2026-05-29,115.07,119.0,111.33,113.78,3608311.0
2026-06-01,113.78,114.0,102.01,105.23,3406986.0
2026-06-02,104.83,107.56,101.0,104.05,2695115.0
2026-06-03,104.55,112.88,102.48,107.3,3690551.0
2026-06-04,105.0,113.4,101.8,104.0,4062311.0
2026-06-05,104.4,104.4,97.96,100.4,2749674.0
2026-06-08,95.01,100.98,95.0,97.51,2833723.0
2026-06-09,98.39,107.55,97.98,106.62,4777656.0
2026-06-10,104.0,106.13,92.0,94.7,4535622.0
2026-06-11,94.5,98.5,93.01,95.86,2621138.0
2026-06-12,97.5,100.99,94.02,94.27,2824033.0
2026-06-15,94.75,102.98,94.75,102.98,2828995.0
2026-06-16,102.98,104.48,100.32,102.11,2206719.0
2026-06-17,101.44,105.27,101.0,103.49,2202729.0
2026-06-18,103.25,110.97,100.37,107.08,4986572.0
2026-06-22,109.03,110.0,100.44,103.88,4943926.0
2026-06-23,102.0,108.8,98.64,103.5,3278471.0
2026-06-24,102.47,104.38,98.69,102.46,2512541.0
2026-06-25,104.98,107.9,100.88,102.8,3032808.0
2026-06-26,101.05,105.95,95.08,97.34,3046834.0
2026-06-29,97.08,98.99,88.78,91.95,3550497.0
2026-06-30,92.0,108.0,89.64,103.95,4979440.0
2026-07-01,105.93,115.97,102.8,103.46,6294128.0
2026-07-02,95.95,104.34,95.0,96.33,3594238.0
2026-07-03,97.0,98.22,92.0,92.01,2626246.0
2026-07-06,92.0,96.84,86.7,90.02,2368501.0
2026-07-07,88.1,95.41,88.1,91.92,2735363.0
2026-07-08,90.0,94.89,85.12,87.79,2795789.0
2026-07-09,88.86,90.78,84.53,90.21,2540125.0
2026-07-10,90.16,93.17,86.02,86.05,2454441.0
2026-07-13,84.5,87.46,78.32,78.8,3029618.0
2026-07-14,78.8,84.4,77.58,83.39,2740226.0
2026-07-15,84.86,85.93,77.08,77.76,2000444.0
2026-07-16,76.38,78.45,73.8,74.05,2091578.0
2026-07-17,73.36,73.74,63.77,64.26,3740972.0
2026-07-20,67.89,68.2,54.3,56.92,3462195.0
2026-07-21,56.26,65.5,47.17,64.69,4901963.0
2026-07-22,63.98,66.0,60.8,61.6,3144436.0
2026-07-23,62.83,64.57,59.76,61.25,2211824.0
2026-07-24,59.88,62.06,58.36,59.8,1951049.0
2026-07-27,60.38,62.25,57.95,61.92,1937920.0
2026-07-28,61.43,63.29,58.02,58.36,1683213.0
2026-07-29,57.72,59.28,53.98,57.76,2174146.0
2026-07-30,57.22,57.98,52.09,52.59,2157751.0
2026-07-31,57.5,60.88,55.75,55.75,2914510.0
2026-08-03,55.37,56.59,53.11,55.18,2652191.0
2026-08-04,55.5,61.36,55.5,60.9,3143001.0
2026-08-05,60.9,65.77,60.9,64.85,2593810.0
2026-08-06,77.82,77.82,77.82,77.82,454011.0
2026-08-07,93.38,93.38,93.38,93.38,727039.0
2026-08-10,96.0,96.8,79.3,85.2,8975366.0
2026-08-11,83.1,91.6,83.1,85.96,7466730.0
2026-08-12,83.97,96.33,83.21,94.3,8401370.0
2026-08-13,92.6,97.18,87.0,87.08,7373246.0
2026-08-14,88.82,88.82,84.8,85.97,4376219.0
2026-08-17,85.98,87.5,84.43,87.18,3609294.0
2026-08-18,86.1,87.88,82.69,85.18,3883533.0
2026-08-19,82.17,83.45,76.88,77.82,3338138.0
2026-08-20,80.0,80.18,75.78,77.26,2351113.0
2026-08-21,76.2,79.52,75.37,76.46,2114194.0
2026-08-24,76.54,79.35,73.62,75.63,2929183.0
2026-08-25,73.7,75.78,70.33,74.92,2380607.0
2026-08-26,75.32,75.34,71.21,73.71,1954048.0
2026-08-27,73.74,78.18,72.5,77.04,2393176.0
2026-08-28,76.89,77.98,74.0,74.01,1673433.0
